# значения x, y1 и y2
  -5.00000    6.51619    1.04753
  -4.50000    6.11271    1.02643
  -4.00000    5.66643    1.23794
  -3.50000    5.16800    1.45906
  -3.00000    4.60517    1.50664
  -2.50000    3.96200    1.34647
  -2.00000    3.21888    1.10057
  -1.50000    2.35731    1.00300
  -1.00000    1.38629    1.16612
  -0.50000    0.44629    1.40866

# Результат задания (x и отсортированная сумма)
  -5.00000    1.85495
  -4.50000    2.55241
  -4.00000    3.36031
  -3.50000    4.31945
  -3.00000    5.30847
  -2.50000    6.11181
  -2.00000    6.62705
  -1.50000    6.90437
  -1.00000    7.13914
  -0.50000    7.56372
